alcohol_diff,chlorides_diff,citric acid_diff,density_diff,fixed acidity_diff,free sulfur dioxide_diff,pH_diff,residual sugar_diff,sulphates_diff,total sulfur dioxide_diff,volatile acidity_diff,quality_diff,Target
-0.8000000000000007,-0.006000000000000018,-0.36,0.0014999999999999456,0.5999999999999996,9.0,-0.23,1.0,-0.13,30.0,0.205,0.0,1
-0.5,-0.0010000000000000148,-0.6,-0.0021299999999999653,-2.8000000000000007,4.0,-0.08000000000000007,0.0,-0.19000000000000009,-16.0,0.09000000000000002,0.0,1
0.3000000000000007,0.0050000000000000044,-0.24,-0.003629999999999911,-3.4000000000000004,-5.0,0.1499999999999999,-1.0,-0.06000000000000005,-46.0,-0.115,0.0,1
0.09999999999999963,-0.02700000000000001,-0.59,-0.0036399999999999775,-2.8000000000000007,0.0,-0.020000000000000014,-0.3000000000000003,0.12,-25.0,0.23000000000000004,0.0,1
0.9000000000000004,-0.02099999999999999,-0.23000000000000004,-0.0051399999999999215,-3.4000000000000004,-9.0,0.21,-1.3000000000000005,0.25,-55.0,0.025000000000000026,0.0,1
0.5999999999999996,-0.025999999999999995,0.010000000000000002,-0.0015100000000000113,0.0,-4.0,0.06000000000000005,-0.3000000000000003,0.31000000000000005,-9.0,0.14,0.0,1
1.1999999999999993,-0.030000000000000013,-0.31,-0.0034399999999999986,0.2999999999999989,4.0,-0.28000000000000025,-0.15000000000000036,0.17999999999999994,-15.0,-0.12,2.0,1
2.0,-0.023999999999999997,0.04999999999999999,-0.004939999999999944,-0.3000000000000007,-5.0,-0.05000000000000026,-1.1500000000000004,0.30999999999999994,-45.0,-0.325,2.0,1
1.6999999999999993,-0.029,0.29000000000000004,-0.0013100000000000336,3.1,0.0,-0.20000000000000015,-0.15000000000000036,0.37,1.0,-0.21,2.0,1
1.0999999999999996,-0.003000000000000003,0.28,0.000199999999999978,3.1,4.0,-0.26000000000000023,0.1499999999999999,0.059999999999999935,10.0,-0.35000000000000003,2.0,1
-1.0,-0.013000000000000013,-0.34,-0.0017000000000000348,-1.5000000000000009,24.0,-0.1299999999999999,-0.5000000000000002,-0.010000000000000007,37.0,-0.009999999999999952,1.0,1
-0.1999999999999993,-0.006999999999999992,0.01999999999999996,-0.003199999999999981,-2.1000000000000005,15.0,0.10000000000000007,-1.5000000000000002,0.12,7.0,-0.215,1.0,1
-0.5,-0.011999999999999995,0.26,0.00042999999999993044,1.2999999999999998,20.0,-0.049999999999999815,-0.5000000000000002,0.18000000000000005,53.0,-0.09999999999999998,1.0,1
-1.0999999999999996,0.014,0.25,0.0019399999999999413,1.2999999999999998,24.0,-0.10999999999999988,-0.2,-0.13,62.0,-0.24,1.0,1
-2.1999999999999997,0.017,-0.030000000000000027,0.0017399999999999636,-1.7999999999999998,20.0,0.15000000000000036,-0.3499999999999999,-0.18999999999999995,52.0,0.11000000000000004,-1.0,0
1.5,0.016999999999999987,-0.24,-0.003110000000000057,0.09999999999999963,3.0,-0.31000000000000005,1.4,0.039999999999999925,-18.0,-0.06,2.0,1
2.3000000000000007,0.02300000000000001,0.12,-0.004610000000000003,-0.5,-6.0,-0.08000000000000007,0.3999999999999999,0.16999999999999993,-48.0,-0.265,2.0,1
2.0,0.018000000000000002,0.36000000000000004,-0.000980000000000092,2.9000000000000004,-1.0,-0.23,1.4,0.23,-2.0,-0.15000000000000002,2.0,1
1.4000000000000004,0.044000000000000004,0.35000000000000003,0.0005299999999999193,2.9000000000000004,3.0,-0.29000000000000004,1.7000000000000002,-0.08000000000000007,7.0,-0.29000000000000004,2.0,1
0.3000000000000007,0.047,0.07,0.00032999999999994145,-0.1999999999999993,-1.0,-0.029999999999999805,1.5500000000000005,-0.14,-3.0,0.06,0.0,1
2.5,0.03,0.10000000000000003,-0.0014100000000000226,1.6000000000000003,-21.0,-0.18000000000000016,1.9,0.04999999999999993,-55.0,-0.05000000000000005,1.0,1
-1.0999999999999996,0.276,-0.14,-0.0022600000000000398,-0.3000000000000007,6.0,-0.5300000000000002,-0.3000000000000003,0.4400000000000001,-4.0,0.030000000000000027,0.0,1
-0.2999999999999989,0.28200000000000003,0.22,-0.003759999999999985,-0.9000000000000004,-3.0,-0.3000000000000003,-1.3000000000000005,0.5700000000000001,-34.0,-0.175,0.0,1
-0.5999999999999996,0.27699999999999997,0.46,-0.0001300000000000745,2.5,2.0,-0.4500000000000002,-0.3000000000000003,0.6300000000000001,12.0,-0.06,0.0,1
-1.1999999999999993,0.303,0.45,0.0013799999999999366,2.5,6.0,-0.5100000000000002,0.0,0.3200000000000001,21.0,-0.2,0.0,1
-2.299999999999999,0.306,0.16999999999999998,0.0011799999999999589,-0.5999999999999996,2.0,-0.25,-0.1499999999999999,0.2600000000000001,11.0,0.15000000000000002,-2.0,0
-0.09999999999999963,0.289,0.2,-0.0005600000000000048,1.2000000000000002,-18.0,-0.4000000000000004,0.2,0.4500000000000001,-41.0,0.03999999999999998,-1.0,0
-2.6,0.259,0.09999999999999998,0.0008500000000000174,-0.4000000000000004,3.0,-0.2200000000000002,-1.7000000000000002,0.4000000000000001,14.0,0.09000000000000002,-2.0,0
-1.0999999999999996,-0.016000000000000014,-0.29000000000000004,-0.0010000000000000009,-0.6000000000000014,12.0,-0.31000000000000005,0.6999999999999997,-0.040000000000000036,85.0,0.09000000000000002,0.0,1
-0.2999999999999989,-0.009999999999999995,0.06999999999999995,-0.0024999999999999467,-1.200000000000001,3.0,-0.08000000000000007,-0.3000000000000003,0.08999999999999997,55.0,-0.115,0.0,1
-0.5999999999999996,-0.015,0.31,0.0011299999999999644,2.1999999999999997,8.0,-0.23,0.6999999999999997,0.15000000000000002,101.0,0.0,0.0,1
-1.1999999999999993,0.010999999999999996,0.3,0.002639999999999976,2.1999999999999997,12.0,-0.29000000000000004,1.0,-0.16000000000000006,110.0,-0.14,0.0,1
-2.299999999999999,0.014,0.01999999999999996,0.0024399999999999977,-0.9000000000000004,8.0,-0.029999999999999805,0.8500000000000001,-0.22,100.0,0.21,-2.0,0
-0.09999999999999963,-0.003000000000000003,0.04999999999999999,0.0007000000000000339,0.8999999999999995,-12.0,-0.18000000000000016,1.2,-0.030000000000000027,48.0,0.09999999999999998,-1.0,0
-2.6,-0.033,-0.05000000000000005,0.0021100000000000567,-0.7000000000000011,9.0,0.0,-0.7000000000000002,-0.07999999999999996,103.0,0.15000000000000002,-2.0,0
0.0,-0.292,-0.15000000000000002,0.0012600000000000386,-0.3000000000000007,6.0,0.2200000000000002,1.0,-0.4800000000000001,89.0,0.06,0.0,1
-1.3000000000000007,-0.015000000000000013,-0.15000000000000002,-0.0008000000000000228,0.1999999999999993,17.0,-0.31000000000000005,0.19999999999999973,-0.08000000000000007,79.0,0.030000000000000027,0.0,1
-0.5,-0.008999999999999994,0.21,-0.002299999999999969,-0.4000000000000004,8.0,-0.08000000000000007,-0.8000000000000003,0.04999999999999993,49.0,-0.175,0.0,1
-0.8000000000000007,-0.014,0.45,0.0013299999999999426,3.0,13.0,-0.23,0.19999999999999973,0.11,95.0,-0.06,0.0,1
-1.4000000000000004,0.011999999999999995,0.44,0.0028399999999999537,3.0,17.0,-0.29000000000000004,0.5,-0.20000000000000007,104.0,-0.2,0.0,1
-2.5,0.015,0.15999999999999998,0.002639999999999976,-0.09999999999999963,13.0,-0.029999999999999805,0.3500000000000001,-0.26,94.0,0.15000000000000002,-2.0,0
-0.3000000000000007,-0.0020000000000000018,0.19,0.0009000000000000119,1.7000000000000002,-7.0,-0.18000000000000016,0.7,-0.07000000000000006,42.0,0.03999999999999998,-1.0,0
-2.8000000000000007,-0.032,0.08999999999999997,0.0023100000000000342,0.09999999999999963,14.0,0.0,-1.2000000000000002,-0.12,97.0,0.09000000000000002,-2.0,0
-0.20000000000000107,-0.29100000000000004,-0.010000000000000007,0.0014600000000000168,0.5,11.0,0.2200000000000002,0.5,-0.5200000000000001,83.0,0.0,0.0,1
-0.20000000000000107,0.0010000000000000009,0.14,0.000199999999999978,0.8000000000000007,5.0,0.0,-0.5,-0.040000000000000036,-6.0,-0.06,0.0,1
0.4000000000000004,-0.032000000000000015,-0.62,-0.0037100000000001025,-2.1000000000000005,17.0,-0.1499999999999999,-0.3000000000000003,0.15999999999999992,0.0,0.2600000000000001,1.0,1
1.200000000000001,-0.025999999999999995,-0.26,-0.005210000000000048,-2.7,8.0,0.08000000000000007,-1.3000000000000005,0.2899999999999999,-30.0,0.05500000000000005,1.0,1
0.9000000000000004,-0.031,-0.02,-0.0015800000000001366,0.7000000000000002,13.0,-0.06999999999999984,-0.3000000000000003,0.35,16.0,0.17000000000000004,1.0,1
0.3000000000000007,-0.0050000000000000044,-0.03,-7.000000000012553e-05,0.7000000000000002,17.0,-0.1299999999999999,0.0,0.039999999999999925,25.0,0.030000000000000027,1.0,1
-0.7999999999999989,-0.0020000000000000018,-0.31,-0.0002700000000001035,-2.3999999999999995,13.0,0.13000000000000034,-0.1499999999999999,-0.020000000000000014,15.0,0.3800000000000001,-1.0,0
1.4000000000000004,-0.019000000000000003,-0.28,-0.0020100000000000677,-0.5999999999999996,-7.0,-0.020000000000000014,0.2,0.16999999999999993,-37.0,0.27,0.0,1
-1.0999999999999996,-0.049,-0.38,-0.0006000000000000449,-2.2,14.0,0.16000000000000014,-1.7000000000000002,0.12,18.0,0.3200000000000001,-1.0,0
1.5,-0.308,-0.48,-0.0014500000000000626,-1.7999999999999998,11.0,0.3800000000000003,0.0,-0.2800000000000001,4.0,0.23000000000000004,1.0,1
1.5,-0.016,-0.33,-0.002710000000000101,-1.4999999999999991,5.0,0.16000000000000014,-1.0,0.2,-85.0,0.17000000000000004,1.0,1
1.7000000000000008,-0.017,-0.47,-0.0029100000000000788,-2.3,0.0,0.16000000000000014,-0.5,0.24,-79.0,0.23000000000000004,1.0,1
-1.1999999999999993,-0.020000000000000014,-0.64,-0.0017000000000000348,-1.7000000000000008,3.0,-0.06000000000000005,0.0,-0.16000000000000006,-20.0,0.2700000000000001,0.0,1
-0.3999999999999986,-0.014,-0.28,-0.003199999999999981,-2.3000000000000007,-6.0,0.16999999999999993,-1.0,-0.030000000000000027,-50.0,0.06500000000000006,0.0,1
-0.6999999999999993,-0.019000000000000003,-0.04,0.00042999999999993044,1.0999999999999996,-1.0,0.020000000000000014,0.0,0.030000000000000027,-4.0,0.18000000000000005,0.0,1
-1.299999999999999,0.006999999999999992,-0.05,0.0019399999999999413,1.0999999999999996,3.0,-0.040000000000000036,0.3000000000000003,-0.28,5.0,0.040000000000000036,0.0,1
-2.3999999999999986,0.009999999999999995,-0.33,0.0017399999999999636,-2.0,-1.0,0.2200000000000002,0.15000000000000036,-0.34,-5.0,0.3900000000000001,-2.0,0
-0.1999999999999993,-0.007000000000000006,-0.3,0.0,-0.20000000000000015,-21.0,0.06999999999999984,0.5000000000000002,-0.15000000000000002,-57.0,0.28,-1.0,0
-2.6999999999999997,-0.037000000000000005,-0.4,0.0014100000000000226,-1.8000000000000007,0.0,0.25,-1.4,-0.2,-2.0,0.3300000000000001,-2.0,0
-0.09999999999999963,-0.29600000000000004,-0.5,0.0005600000000000048,-1.4000000000000004,-3.0,0.4700000000000002,0.3000000000000003,-0.6000000000000001,-16.0,0.24000000000000005,0.0,1
-0.09999999999999963,-0.0040000000000000036,-0.35,-0.0007000000000000339,-1.0999999999999996,-9.0,0.25,-0.6999999999999997,-0.12,-105.0,0.18000000000000005,0.0,1
0.10000000000000142,-0.0050000000000000044,-0.49,-0.0009000000000000119,-1.9000000000000004,-14.0,0.25,-0.19999999999999973,-0.07999999999999996,-99.0,0.24000000000000005,0.0,1
-1.5999999999999996,0.011999999999999995,-0.02,0.0020100000000000677,0.39999999999999947,-14.0,0.08999999999999986,0.3000000000000003,-0.31999999999999995,-20.0,0.010000000000000007,-1.0,0
-1.0999999999999996,-0.002000000000000016,-0.41,0.0006200000000000648,0.3999999999999986,9.0,-0.3900000000000001,0.3999999999999999,-0.15000000000000002,35.0,0.05000000000000005,0.0,1
-0.2999999999999989,0.0040000000000000036,-0.05000000000000002,-0.0008799999999998809,-0.20000000000000107,0.0,-0.16000000000000014,-0.6000000000000001,-0.020000000000000014,5.0,-0.15499999999999994,0.0,1
-0.5999999999999996,-0.0010000000000000009,0.19,0.00275000000000003,3.1999999999999997,5.0,-0.31000000000000005,0.3999999999999999,0.040000000000000036,51.0,-0.03999999999999998,0.0,1
-1.1999999999999993,0.024999999999999998,0.18,0.0042600000000000415,3.1999999999999997,9.0,-0.3700000000000001,0.7000000000000002,-0.27,60.0,-0.18,0.0,1
-2.299999999999999,0.028,-0.1,0.004060000000000064,0.09999999999999963,5.0,-0.10999999999999988,0.5500000000000003,-0.33,50.0,0.17000000000000004,-2.0,0
-0.09999999999999963,0.010999999999999996,-0.06999999999999998,0.0023200000000001,1.8999999999999997,-15.0,-0.26000000000000023,0.9000000000000001,-0.14,-2.0,0.06,-1.0,0
-2.6,-0.019000000000000003,-0.17,0.0037300000000001217,0.2999999999999989,6.0,-0.08000000000000007,-1.0,-0.18999999999999995,53.0,0.11000000000000004,-2.0,0
0.0,-0.278,-0.27,0.002880000000000105,0.6999999999999993,3.0,0.14000000000000012,0.7000000000000002,-0.5900000000000001,39.0,0.020000000000000014,0.0,1
0.0,0.014,-0.11999999999999995,0.0016200000000000658,1.0,-3.0,-0.08000000000000007,-0.2999999999999998,-0.11,-50.0,-0.03999999999999998,0.0,1
0.20000000000000107,0.012999999999999998,-0.26,0.001420000000000088,0.1999999999999993,-8.0,-0.08000000000000007,0.20000000000000015,-0.06999999999999995,-44.0,0.020000000000000014,0.0,1
-1.5,0.03,0.21,0.004330000000000167,2.499999999999999,-8.0,-0.2400000000000002,0.7000000000000002,-0.30999999999999994,35.0,-0.21,-1.0,0
0.09999999999999963,0.018000000000000002,0.23,0.0023200000000001,2.1,6.0,-0.3300000000000001,0.3999999999999999,0.010000000000000007,55.0,-0.22000000000000006,0.0,1
-1.0,-0.011000000000000024,-0.42,-0.000300000000000078,-0.5,1.0,-0.16999999999999993,0.19999999999999973,-0.040000000000000036,44.0,0.15000000000000008,0.0,1
-0.1999999999999993,-0.0050000000000000044,-0.060000000000000026,-0.0018000000000000238,-1.0999999999999996,-8.0,0.06000000000000005,-0.8000000000000003,0.08999999999999997,14.0,-0.05499999999999994,0.0,1
-0.5,-0.010000000000000007,0.18,0.0018299999999998875,2.3000000000000007,-3.0,-0.08999999999999986,0.19999999999999973,0.15000000000000002,60.0,0.06000000000000005,0.0,1
-1.0999999999999996,0.015999999999999986,0.16999999999999998,0.0033399999999998986,2.3000000000000007,1.0,-0.1499999999999999,0.5,-0.16000000000000006,69.0,-0.07999999999999996,0.0,1
-2.1999999999999997,0.01899999999999999,-0.11,0.003139999999999921,-0.7999999999999989,-3.0,0.11000000000000032,0.3500000000000001,-0.22,59.0,0.2700000000000001,-2.0,0
0.0,0.001999999999999988,-0.07999999999999999,0.0013999999999999568,1.0000000000000009,-23.0,-0.040000000000000036,0.7,-0.030000000000000027,7.0,0.16000000000000006,-1.0,0
-2.5,-0.02800000000000001,-0.18000000000000002,0.0028099999999999787,-0.5999999999999996,-2.0,0.14000000000000012,-1.2000000000000002,-0.07999999999999996,62.0,0.21000000000000008,-2.0,0
0.09999999999999963,-0.28700000000000003,-0.28,0.0019599999999999613,-0.1999999999999993,-5.0,0.3600000000000003,0.5,-0.4800000000000001,48.0,0.12000000000000005,0.0,1
0.09999999999999963,0.0049999999999999906,-0.12999999999999998,0.0006999999999999228,0.10000000000000142,-11.0,0.14000000000000012,-0.5,0.0,-41.0,0.06000000000000005,0.0,1
0.3000000000000007,0.00399999999999999,-0.27,0.0004999999999999449,-0.6999999999999993,-16.0,0.14000000000000012,0.0,0.040000000000000036,-35.0,0.12000000000000005,0.0,1
-1.4000000000000004,0.02099999999999999,0.2,0.0034100000000000237,1.6000000000000003,-16.0,-0.020000000000000014,0.5,-0.2,44.0,-0.11,-1.0,0
0.1999999999999993,0.008999999999999994,0.22,0.0013999999999999568,1.200000000000001,-2.0,-0.10999999999999988,0.19999999999999973,0.12,64.0,-0.12,0.0,1
0.09999999999999963,-0.009000000000000008,-0.010000000000000007,-0.0009200000000001428,-0.8999999999999986,-8.0,0.2200000000000002,-0.20000000000000015,0.11,9.0,0.10000000000000003,0.0,1
-0.9000000000000004,0.012999999999999984,-0.25,0.0,1.8999999999999984,-1.0,-0.6499999999999999,0.0,-0.16000000000000006,-10.0,0.020000000000000014,0.0,1
-0.09999999999999963,0.019000000000000003,0.11,-0.0014999999999999456,1.299999999999999,-10.0,-0.4199999999999999,-1.0,-0.030000000000000027,-40.0,-0.185,0.0,1
-0.4000000000000004,0.014,0.35000000000000003,0.0021299999999999653,4.699999999999998,-5.0,-0.5699999999999998,0.0,0.030000000000000027,6.0,-0.07,0.0,1
-1.0,0.04,0.34,0.0036399999999999775,4.699999999999998,-1.0,-0.6299999999999999,0.3000000000000003,-0.28,15.0,-0.21,0.0,1
-2.1,0.043,0.06,0.0034399999999999986,1.5999999999999996,-5.0,-0.3699999999999997,0.15000000000000036,-0.34,5.0,0.14,-2.0,0
0.09999999999999963,0.025999999999999995,0.09000000000000002,0.0017000000000000348,3.3999999999999995,-25.0,-0.52,0.5000000000000002,-0.15000000000000002,-47.0,0.029999999999999968,-1.0,0
-2.4000000000000004,-0.0040000000000000036,-0.010000000000000007,0.003110000000000057,1.7999999999999992,-4.0,-0.33999999999999986,-1.4,-0.2,8.0,0.08000000000000003,-2.0,0
0.1999999999999993,-0.263,-0.11,0.0022600000000000398,2.1999999999999997,-7.0,-0.11999999999999965,0.3000000000000003,-0.6000000000000001,-6.0,-0.010000000000000007,0.0,1
0.1999999999999993,0.029,0.040000000000000036,0.0010000000000000009,2.5,-13.0,-0.33999999999999986,-0.6999999999999997,-0.12,-95.0,-0.07,0.0,1
0.4000000000000004,0.028,-0.09999999999999998,0.0008000000000000228,1.6999999999999993,-18.0,-0.33999999999999986,-0.19999999999999973,-0.07999999999999996,-89.0,-0.010000000000000007,0.0,1
-1.3000000000000007,0.045,0.37,0.0037100000000001025,3.9999999999999987,-18.0,-0.5,0.3000000000000003,-0.31999999999999995,-10.0,-0.24000000000000005,-1.0,0
0.2999999999999989,0.033,0.39,0.0017000000000000348,3.6,-4.0,-0.5899999999999999,0.0,0.0,10.0,-0.2500000000000001,0.0,1
0.1999999999999993,0.015,0.16,-0.0006200000000000648,1.5,-10.0,-0.2599999999999998,-0.3999999999999999,-0.010000000000000007,-45.0,-0.030000000000000027,0.0,1
0.09999999999999963,0.02400000000000001,0.17,0.000300000000000078,2.3999999999999986,-2.0,-0.48,-0.19999999999999973,-0.12,-54.0,-0.13000000000000006,0.0,1
-1.3000000000000007,-0.014000000000000012,-0.24,-0.0006000000000000449,0.0,10.0,-0.10000000000000007,0.0,-0.020000000000000014,10.0,-0.009999999999999952,0.0,1
-0.5,-0.007999999999999993,0.12,-0.0020999999999999908,-0.5999999999999996,1.0,0.1299999999999999,-1.0,0.11,-20.0,-0.215,0.0,1
-0.8000000000000007,-0.012999999999999998,0.36000000000000004,0.0015299999999999205,2.8000000000000007,6.0,-0.020000000000000014,0.0,0.17000000000000004,26.0,-0.09999999999999998,0.0,1
-1.4000000000000004,0.012999999999999998,0.35000000000000003,0.003039999999999932,2.8000000000000007,10.0,-0.08000000000000007,0.3000000000000003,-0.14,35.0,-0.24,0.0,1
-2.5,0.016,0.07,0.0028399999999999537,-0.2999999999999989,6.0,0.18000000000000016,0.15000000000000036,-0.2,25.0,0.11000000000000004,-2.0,0
-0.3000000000000007,-0.0010000000000000009,0.10000000000000003,0.00109999999999999,1.5000000000000009,-14.0,0.029999999999999805,0.5000000000000002,-0.010000000000000007,-27.0,0.0,-1.0,0
-2.8000000000000007,-0.031,0.0,0.0025100000000000122,-0.09999999999999963,7.0,0.21,-1.4,-0.059999999999999935,28.0,0.05000000000000005,-2.0,0
-0.20000000000000107,-0.29,-0.09999999999999998,0.0016599999999999948,0.3000000000000007,4.0,0.43000000000000016,0.3000000000000003,-0.4600000000000001,14.0,-0.03999999999999998,0.0,1
-0.20000000000000107,0.0020000000000000018,0.05000000000000005,0.000399999999999956,0.6000000000000014,-2.0,0.21,-0.6999999999999997,0.020000000000000014,-75.0,-0.09999999999999998,0.0,1
0.0,0.0010000000000000009,-0.08999999999999997,0.000199999999999978,-0.1999999999999993,-7.0,0.21,-0.19999999999999973,0.06000000000000005,-69.0,-0.03999999999999998,0.0,1
-1.7000000000000008,0.018000000000000002,0.38,0.003110000000000057,2.1000000000000005,-7.0,0.049999999999999815,0.3000000000000003,-0.17999999999999994,10.0,-0.27,-1.0,0
-0.10000000000000142,0.0060000000000000045,0.4,0.00109999999999999,1.7000000000000008,7.0,-0.040000000000000036,0.0,0.14,30.0,-0.28,0.0,1
-0.20000000000000107,-0.011999999999999995,0.17,-0.0012200000000001099,-0.3999999999999986,1.0,0.29000000000000004,-0.3999999999999999,0.13,-25.0,-0.06,0.0,1
-0.3000000000000007,-0.0029999999999999892,0.18000000000000002,-0.00029999999999996696,0.5,9.0,0.06999999999999984,-0.19999999999999973,0.020000000000000014,-34.0,-0.16000000000000006,0.0,1
-0.4000000000000004,-0.027,0.010000000000000007,-0.0006000000000000449,-1.8999999999999984,11.0,0.5499999999999998,0.0,0.14,20.0,-0.029999999999999968,0.0,1
1.5999999999999996,-0.042000000000000016,-0.41,-0.0034000000000000696,-2.3000000000000007,19.0,-0.10000000000000007,6.1000000000000005,-0.11,49.0,-0.01999999999999996,1.0,1
2.4000000000000004,-0.036000000000000004,-0.05000000000000002,-0.0049000000000000155,-2.9000000000000004,10.0,0.1299999999999999,5.1000000000000005,0.020000000000000014,19.0,-0.225,1.0,1
2.1,-0.040999999999999995,0.19,-0.0012700000000001046,0.5,15.0,-0.020000000000000014,6.1000000000000005,0.08000000000000007,65.0,-0.11,1.0,1
1.5,-0.015000000000000006,0.18,0.00023999999999990693,0.5,19.0,-0.08000000000000007,6.4,-0.23,74.0,-0.25,1.0,1
0.4000000000000004,-0.012000000000000005,-0.1,3.999999999992898e-05,-2.6,15.0,0.18000000000000016,6.250000000000001,-0.2899999999999999,64.0,0.10000000000000003,-1.0,0
2.6,-0.029000000000000005,-0.06999999999999998,-0.0017000000000000348,-0.7999999999999998,-5.0,0.029999999999999805,6.6000000000000005,-0.09999999999999998,12.0,-0.010000000000000007,0.0,1
0.09999999999999963,-0.059,-0.17,-0.0002900000000000125,-2.4000000000000004,16.0,0.21,4.700000000000001,-0.1499999999999999,67.0,0.040000000000000036,-1.0,0
2.6999999999999997,-0.318,-0.27,-0.00114000000000003,-2.0,13.0,0.43000000000000016,6.4,-0.55,53.0,-0.04999999999999999,1.0,1
2.6999999999999997,-0.026,-0.11999999999999995,-0.002400000000000069,-1.6999999999999993,7.0,0.21,5.4,-0.06999999999999995,-36.0,-0.11,1.0,1
2.9000000000000004,-0.027000000000000003,-0.26,-0.0026000000000000467,-2.5,2.0,0.21,5.9,-0.02999999999999992,-30.0,-0.04999999999999999,1.0,1
1.1999999999999993,-0.010000000000000002,0.21,0.00031000000000003247,-0.20000000000000015,2.0,0.049999999999999815,6.4,-0.2699999999999999,49.0,-0.28,0.0,1
2.799999999999999,-0.022000000000000002,0.23,-0.0017000000000000348,-0.5999999999999996,16.0,-0.040000000000000036,6.1000000000000005,0.05000000000000005,69.0,-0.29000000000000004,1.0,1
2.6999999999999997,-0.04,0.0,-0.0040200000000001354,-2.6999999999999997,10.0,0.29000000000000004,5.700000000000001,0.040000000000000036,14.0,-0.07,1.0,1
2.6,-0.030999999999999993,0.010000000000000007,-0.003099999999999992,-1.8000000000000007,18.0,0.06999999999999984,5.9,-0.06999999999999995,5.0,-0.17000000000000004,1.0,1
2.5,-0.055,-0.16,-0.0034000000000000696,-4.199999999999998,20.0,0.5499999999999998,6.1000000000000005,0.05000000000000005,59.0,-0.03999999999999998,1.0,1
2.9000000000000004,-0.028000000000000004,-0.17,-0.002800000000000025,-2.3000000000000007,9.0,0.0,6.1000000000000005,-0.08999999999999997,39.0,-0.010000000000000007,1.0,1
3.0,-0.030000000000000013,-0.38,-0.007099999999999995,-3.0000000000000013,-6.0,-0.1499999999999999,-0.5000000000000002,-0.12,-31.0,-0.12,1.0,1
3.8000000000000007,-0.023999999999999997,-0.020000000000000014,-0.008599999999999941,-3.6000000000000005,-15.0,0.08000000000000007,-1.5000000000000002,0.010000000000000007,-61.0,-0.325,1.0,1
3.5,-0.029,0.22,-0.00497000000000003,-0.20000000000000015,-10.0,-0.06999999999999984,-0.5000000000000002,0.07000000000000006,-15.0,-0.21,1.0,1
2.9000000000000004,-0.003000000000000003,0.21,-0.003460000000000018,-0.20000000000000015,-6.0,-0.1299999999999999,-0.2,-0.24,-6.0,-0.35000000000000003,1.0,1
1.8000000000000007,0.0,-0.07,-0.003659999999999997,-3.3,-10.0,0.13000000000000034,-0.3499999999999999,-0.29999999999999993,-16.0,0.0,-1.0,0
4.0,-0.017,-0.03999999999999998,-0.00539999999999996,-1.5,-30.0,-0.020000000000000014,0.0,-0.11,-68.0,-0.11000000000000004,0.0,1
1.5,-0.047,-0.14,-0.003989999999999938,-3.1000000000000005,-9.0,0.16000000000000014,-1.9,-0.15999999999999992,-13.0,-0.06,-1.0,0
4.1,-0.306,-0.24,-0.004839999999999955,-2.7,-12.0,0.3800000000000003,-0.2,-0.56,-27.0,-0.15000000000000002,1.0,1
4.1,-0.014,-0.08999999999999997,-0.0060999999999999934,-2.3999999999999995,-18.0,0.16000000000000014,-1.2,-0.07999999999999996,-116.0,-0.21,1.0,1
4.300000000000002,-0.015,-0.23,-0.006299999999999972,-3.2,-23.0,0.16000000000000014,-0.7,-0.039999999999999925,-110.0,-0.15000000000000002,1.0,1
2.6,0.0020000000000000018,0.24,-0.003389999999999893,-0.9000000000000004,-23.0,0.0,-0.2,-0.2799999999999999,-31.0,-0.3800000000000001,0.0,1
4.199999999999998,-0.009999999999999995,0.26,-0.00539999999999996,-1.2999999999999998,-9.0,-0.08999999999999986,-0.5000000000000002,0.040000000000000036,-11.0,-0.3900000000000001,1.0,1
4.1,-0.028,0.03,-0.007720000000000059,-3.3999999999999995,-15.0,0.2400000000000002,-0.9000000000000001,0.030000000000000027,-66.0,-0.17000000000000004,1.0,1
4.0,-0.01899999999999999,0.040000000000000015,-0.006799999999999917,-2.500000000000001,-7.0,0.020000000000000014,-0.7,-0.07999999999999996,-75.0,-0.2700000000000001,1.0,1
3.9,-0.043,-0.13,-0.007099999999999995,-4.9,-5.0,0.5,-0.5000000000000002,0.040000000000000036,-21.0,-0.14,1.0,1
4.300000000000002,-0.016,-0.14,-0.00649999999999995,-3.0000000000000013,-16.0,-0.049999999999999815,-0.5000000000000002,-0.09999999999999998,-41.0,-0.11000000000000004,1.0,1
1.4000000000000004,0.012000000000000005,0.03,-0.0036999999999999256,-0.7000000000000002,-25.0,-0.049999999999999815,-6.6000000000000005,-0.010000000000000007,-80.0,-0.10000000000000003,0.0,1
-1.0,-0.014000000000000012,-0.33,-0.0019200000000001442,-1.9000000000000004,12.0,-0.06999999999999984,-0.20000000000000015,-0.11,9.0,0.0,1.0,1
-0.1999999999999993,-0.007999999999999993,0.029999999999999968,-0.0034200000000000896,-2.5,3.0,0.16000000000000014,-1.2000000000000002,0.020000000000000014,-21.0,-0.205,1.0,1
-0.5,-0.012999999999999998,0.27,0.00020999999999982144,0.9000000000000004,8.0,0.010000000000000231,-0.20000000000000015,0.08000000000000007,25.0,-0.09000000000000002,1.0,1
-1.0999999999999996,0.012999999999999998,0.26,0.0017199999999998328,0.9000000000000004,12.0,-0.049999999999999815,0.10000000000000007,-0.23,34.0,-0.23000000000000004,1.0,1
-2.1999999999999997,0.016,-0.020000000000000014,0.0015199999999998546,-2.1999999999999997,8.0,0.2100000000000004,-0.049999999999999815,-0.2899999999999999,24.0,0.12,-1.0,0
0.0,-0.0010000000000000009,0.010000000000000007,-0.000220000000000109,-0.39999999999999947,-12.0,0.06000000000000005,0.30000000000000004,-0.09999999999999998,-28.0,0.009999999999999952,0.0,1
-2.5,-0.031,-0.09000000000000002,0.0011899999999999133,-2.0,9.0,0.2400000000000002,-1.6,-0.1499999999999999,27.0,0.06,-1.0,0
0.09999999999999963,-0.29,-0.19,0.00033999999999989594,-1.5999999999999996,6.0,0.4600000000000004,0.10000000000000007,-0.55,13.0,-0.030000000000000027,1.0,1
0.09999999999999963,0.0020000000000000018,-0.03999999999999998,-0.0009200000000001428,-1.299999999999999,0.0,0.2400000000000002,-0.8999999999999999,-0.06999999999999995,-76.0,-0.09000000000000002,1.0,1
0.3000000000000007,0.0010000000000000009,-0.18,-0.0011200000000001211,-2.1,-5.0,0.2400000000000002,-0.3999999999999999,-0.02999999999999992,-70.0,-0.030000000000000027,1.0,1
-1.4000000000000004,0.018000000000000002,0.29,0.0017899999999999585,0.20000000000000015,-5.0,0.08000000000000007,0.10000000000000007,-0.2699999999999999,9.0,-0.2600000000000001,0.0,1
0.1999999999999993,0.0060000000000000045,0.31,-0.000220000000000109,-0.1999999999999993,9.0,-0.009999999999999787,-0.20000000000000015,0.05000000000000005,29.0,-0.2700000000000001,1.0,1
0.09999999999999963,-0.011999999999999995,0.07999999999999999,-0.002540000000000209,-2.299999999999999,3.0,0.3200000000000003,-0.6000000000000001,0.040000000000000036,-26.0,-0.05000000000000005,1.0,1
0.0,-0.0029999999999999892,0.09,-0.0016200000000000658,-1.4000000000000004,11.0,0.10000000000000007,-0.3999999999999999,-0.06999999999999995,-35.0,-0.15000000000000008,1.0,1
-0.09999999999999963,-0.027,-0.08000000000000003,-0.0019200000000001442,-3.799999999999999,13.0,0.5800000000000001,-0.20000000000000015,0.05000000000000005,19.0,-0.020000000000000014,1.0,1
0.3000000000000007,0.0,-0.09000000000000002,-0.0013200000000000989,-1.9000000000000004,2.0,0.03000000000000025,-0.20000000000000015,-0.08999999999999997,-1.0,0.009999999999999952,1.0,1
-2.6,0.028000000000000004,0.07999999999999999,0.0014799999999999258,0.4000000000000004,-7.0,0.03000000000000025,-6.300000000000002,0.0,-40.0,0.01999999999999996,0.0,1
-4.0,0.016,0.04999999999999999,0.0051799999999998505,1.1000000000000003,18.0,0.08000000000000007,0.30000000000000004,0.010000000000000007,40.0,0.12,0.0,1
-1.5,-0.019000000000000003,-0.31,-0.0015399999999999858,-1.200000000000001,18.0,-0.1299999999999999,-0.3000000000000003,-0.08000000000000007,43.0,0.08000000000000003,0.0,1
-0.6999999999999993,-0.012999999999999984,0.04999999999999999,-0.003039999999999932,-1.8000000000000007,9.0,0.10000000000000007,-1.3000000000000005,0.04999999999999993,13.0,-0.125,0.0,1
-1.0,-0.017999999999999988,0.29000000000000004,0.0005899999999999794,1.5999999999999996,14.0,-0.049999999999999815,-0.3000000000000003,0.11,59.0,-0.010000000000000007,0.0,1
-1.5999999999999996,0.008000000000000007,0.28,0.0020999999999999908,1.5999999999999996,18.0,-0.10999999999999988,0.0,-0.20000000000000007,68.0,-0.15000000000000002,0.0,1
-2.6999999999999997,0.01100000000000001,0.0,0.0019000000000000128,-1.5,14.0,0.15000000000000036,-0.1499999999999999,-0.26,58.0,0.2,-2.0,0
-0.5,-0.005999999999999992,0.030000000000000027,0.000160000000000049,0.2999999999999998,-6.0,0.0,0.2,-0.07000000000000006,6.0,0.08999999999999997,-1.0,0
-3.0,-0.03599999999999999,-0.07,0.0015700000000000713,-1.3000000000000007,15.0,0.18000000000000016,-1.7000000000000002,-0.12,61.0,0.14,-2.0,0
-0.4000000000000004,-0.295,-0.16999999999999998,0.0007200000000000539,-0.9000000000000004,12.0,0.4000000000000004,0.0,-0.5200000000000001,47.0,0.04999999999999999,0.0,1
-0.4000000000000004,-0.0029999999999999892,-0.01999999999999996,-0.0005399999999999848,-0.5999999999999996,6.0,0.18000000000000016,-1.0,-0.040000000000000036,-42.0,-0.010000000000000007,0.0,1
-0.1999999999999993,-0.00399999999999999,-0.15999999999999998,-0.0007399999999999629,-1.4000000000000004,1.0,0.18000000000000016,-0.5,0.0,-36.0,0.04999999999999999,0.0,1
-1.9000000000000004,0.013000000000000013,0.31,0.0021700000000001163,0.8999999999999995,1.0,0.020000000000000014,0.0,-0.24,43.0,-0.18000000000000005,-1.0,0
-0.3000000000000007,0.0010000000000000148,0.33,0.000160000000000049,0.5,15.0,-0.06999999999999984,-0.3000000000000003,0.07999999999999996,63.0,-0.19000000000000009,0.0,1
-0.4000000000000004,-0.016999999999999987,0.1,-0.0021600000000000508,-1.5999999999999996,9.0,0.26000000000000023,-0.7000000000000002,0.06999999999999995,8.0,0.029999999999999968,0.0,1
-0.5,-0.00799999999999998,0.11,-0.0012399999999999078,-0.7000000000000011,17.0,0.040000000000000036,-0.5,-0.040000000000000036,-1.0,-0.07000000000000006,0.0,1
-0.5999999999999996,-0.03199999999999999,-0.06,-0.0015399999999999858,-3.1,19.0,0.52,-0.3000000000000003,0.07999999999999996,53.0,0.06,0.0,1
-0.1999999999999993,-0.0049999999999999906,-0.07,-0.0009399999999999408,-1.200000000000001,8.0,-0.029999999999999805,-0.3000000000000003,-0.06000000000000005,33.0,0.08999999999999997,0.0,1
-3.1,0.023000000000000013,0.1,0.001860000000000084,1.0999999999999996,-1.0,-0.029999999999999805,-6.4,0.02999999999999992,-6.0,0.09999999999999998,-1.0,0
-4.5,0.01100000000000001,0.07,0.005560000000000009,1.7999999999999998,24.0,0.020000000000000014,0.2,0.039999999999999925,74.0,0.2,-1.0,0
-0.5,-0.0049999999999999906,0.020000000000000014,0.000380000000000158,0.6999999999999993,6.0,-0.06000000000000005,-0.10000000000000007,0.02999999999999992,34.0,0.08000000000000003,-1.0,0
